4294967278,7
4294967278,6
4294967278,5
4294967278,4
4294967279,132
4294967279,131
4294967278,20
4294967278,19
4294967278,18
4294967278,17
4294967278,16
4294967278,15
4294967278,14
4294967278,13
4294967278,12
4294967278,11
4294967278,10
4294967278,9
4294967278,8
4294967278,334
4294967278,333
4294967279,402
4294967278,332
4294967278,331
4294967278,330
4294967279,401
4294967278,329
4294967279,400
4294967278,254
4294967278,253
29,5
4294967278,252
29,4
29,3
29,2
29,1
4294967279,399
4294967278,250
4294967294,384
4294967294,184
4294967294,180
4294967294,166
4294967294,175
4294967294,169
4294967294,183
4294967294,19
4294967294,104
4294967294,106
4294967294,160
4294967294,116
4294967294,168
4294967294,1355
4294967278,248
4294967278,39
4294967278,38
4294967278,37
4294967278,36
4294967278,35
4294967278,34
4294967278,33
4294967278,32
4294967278,31
4294967278,30
4294967278,29
4294967278,28
4294967278,27
4294967278,26
4294967278,25
4294967278,24
4294967278,23
4294967278,22
4294967278,21
4294967279,41
4294967279,40
4294967279,39
4294967279,38
4294967279,37
4294967279,36
4294967279,33
4294967279,32
4294967279,31
4294967279,30
4294967279,28
4294967279,27
4294967279,26
4294967279,25
4294967279,23
4294967279,21
4294967279,20
4294967279,19
4294967279,18
4294967279,16
4294967279,14
7,4
4294967279,398
4294967279,260
4294967279,0
4294967294,470
14,4
4294967294,1357
4294967294,909
4294967294,128
4294967294,186
4294967278,247
4294967294,426
4294967294,430
2,2
4294967278,244
4294967278,243
4294967294,5
4294967278,241
4294967294,394
4294967294,24
4294967278,239
4294967278,237
4294967294,38
4294967294,37
4294967294,36
4294967294,39
4294967294,1
4294967294,926
4294967294,2
4294967294,0
4294967294,954
4294967294,925
4294967278,236
4294967278,0
4294967278,234
4294967278,232
4294967278,226
4294967278,230
28,5
28,4
4294967278,228
28,3
28,2
28,1
4294967278,227
4294967294,40
4294967294,22
4294967294,17
4294967294,99
4294967294,76
4294967294,41
4294967294,107
4294967278,224
4294967294,7
4294967294,6
4294967294,94
4294967294,96
4294967278,222
4294967294,9
4294967278,220
4294967294,8
0,7
4294967294,393
4294967294,45
4294967294,1358
4294967294,44
4294967294,53
4294967294,958
4294967294,150
4294967294,955
4294967294,29
4294967294,419
4294967294,28
4294967294,27
4294967294,91
4294967294,90
4294967294,87
4294967294,86
4294967294,85
4294967294,84
4294967294,42
2,4
4294967279,12
4294967279,11
4294967279,10
4294967278,219
4294967294,75
4294967294,14
4294967294,127
4294967294,20
4294967294,13
4294967294,964
4294967294,923
4294967294,910
4294967294,908
4294967294,163
4294967294,43
4294967278,216
4294967294,50
4294967294,1359
4294967294,417
4294967294,51
4294967294,52
4294967294,82
4294967294,471
4294967294,126
4294967294,18
4294967294,473
4294967294,25
4294967294,956
4294967294,26
4294967294,83
0,5
4294967294,93
4294967294,95
4294967278,214
4294967294,968
4294967294,967
4294967294,966
4294967294,965
4294967294,963
4294967294,962
4294967294,961
4294967294,960
4294967294,924
4294967294,922
4294967294,921
4294967294,920
4294967294,919
4294967294,917
4294967294,916
4294967294,915
4294967294,914
4294967294,913
4294967294,911
4294967294,907
4294967294,906
4294967294,422
4294967294,401
4294967294,190
4294967294,185
4294967294,182
4294967294,176
4294967294,173
4294967294,170
4294967294,162
4294967294,161
4294967294,427
4294967294,12
4294967294,30
4294967294,948
4294967294,947
4294967294,945
4294967294,944
4294967294,939
4294967294,928
4294967294,903
4294967294,901
4294967294,900
4294967294,899
4294967294,898
4294967294,60
4294967294,81
4294967294,974
4294967294,971
4294967294,1356
4294967294,92
4294967294,88
4294967294,67
4294967294,11
4294967294,68
4294967278,132
4294967278,131
4294967278,130
4294967278,129
4294967278,128
4294967278,127
4294967278,126
4294967278,125
4294967278,124
4294967278,123
4294967278,122
4294967278,121
4294967278,120
4294967278,119
4294967278,118
4294967278,117
4294967278,116
4294967278,115
4294967278,114
4294967278,113
4294967278,112
4294967278,111
4294967278,110
4294967278,109
4294967278,108
4294967278,107
4294967278,106
4294967278,105
4294967278,104
4294967278,103
4294967278,102
4294967278,101
4294967278,100
4294967278,99
4294967278,98
4294967278,97
4294967278,96
4294967278,95
4294967278,94
4294967278,93
